0422812885426756
0427387583450747
0851148137941240
3879944876244096
0005349558315095
0010659969702455
0029233355476625
0033981436042117
0048790978449306
0060120644445370
0065931835203045
0071119715272492
0084300900034108
0095921943345974
0097703442306179
0098763826166873
0102488447573085
0104124422364023
0120615995402345
0125036186628507
0131770792108992
0133757419649661
0138870059283356
0140365057016044
0145887238250184
0147487762250438
0163488885070864
0175462550826005
0187018118567986
0188685041571480
0189095897739979
0192085115595443
0201367515815381
0202371748669764
0211300683784278
0215182355755221
0216229039021964
0232988306987805
0240551533292579
0241862487783754
0247990329725342
0251364589832974
0260303520888425
0268728255033469
0268732896111424
0281123427918307
0283937076114434
0290950513716961
0296622203426132
0300141044144026
0306751604362704
0306766365983082
0316501273540746
0330924133337698
0348490713417429
0350208006499503
0359360551958223
0362417828475021
0368311142108150
0369165171803086
0372650483087124
0378897709136226
0379304660057174
0379703325940422
0400232298849115
0400880030173624
0401470121643212
0412577035083946
0414774970277777
0427692772445368
0438695263897215
0453754730316303
0453892715674953
0455487141833418
0462549482032704
0471595469074043
0481478169272902
0483602747631661
0483707899231728
0486779090155155
0487231065057783
0504332643175649
0506569373440954
0523104569378276
0523104569378276
0528154281423964
0534822491953359
0535266455387139
0555619693238543
0557976975338451
0561643838450805
0572649289828640
0573662728816861
0577264623261591
0577503698179302
0581226769296441
0598828216648683
0608337674042057
0611031507120144
0611351138131709
0612005197639506
0613768899914607
0620986273710878
0625922822611048
0632045091074618
0638632787682079
0644408634493034
0646901524303065
0649930882307115
0659299380542839
0659658820912418
0660692009750374
0691832345393815
0695715138731741
0698164500481055
0702597410295726
0704592200063682
0716671149414702
0721071524157651
0721071524157651
0735298552666402
0743793296062293
0746723828973671
0755283890960491
0756373063566786
0757666181169076
0758877444698557
0770343284012942
0774464575739440
0793627832164040
0795967777970879
0802023762311924
0807511237795775
0807811991821629
0813823100105934
0814717344017544
0821562324429813
0833253899619895
0840226903480590
0841425239502177
0853074551999988
0854534935631310
0858482819476716
0865997296771785
0866205347972203
0878410768350416
0882497234989588
0898459356361957
0900834483461062
0902980235660943
0907883161698484
0911364223406030
0920629723928382
0925150626762308
0926018459123736
0926213060635986
0957641516282703
0978837964647017
0980251645662987
0985488148768235
0988994019537246
0990344839864230
0994187406222820
1006840153853655
1010810293243435
1018418114348974
1028151705135221
1029501009628001
1039996010768964
1047122596139990
1048894906476420
1058528453390010
1058846722790485
1092296906422727
1095193209251351
1096941114079527
1097468139544018
1097952760431187
1104157433492666
1113236581294532
1123376648713853
1129100746134234
1132116344380113
1132672107627968
1141780402031699
1143985671114403
1149542159006335
1154078371182103
1162538732000822
1183013437890631
1190759512397526
1196380808351119
1198809977746222
1201079310363734
1220553574304474
1225623517319669
1228255861618623
1231141260610815
1233156130663707
1235242182279350
1237732688247222
1240066145518940
1241661323013355
1242958766761516
1244195230407619
1247721504657205
1251013053012882
1254338144161360
1257131701222446
1265706528850746
1272997735344283
1278004515460973
1313385414995585
1320324289662918
1342924024681635
1354871864610613
1357144230331120
1357467185030086
1357887401899097
1359531672303446
1361624597372651
1371199678541174
1386464075867571
1396497553199632
1398733763837178
1398733763837178
1398733763837178
1399158997660627
1414144663149679
1415781875529432
1416717596426384
1420784392366957
1423810014480514
1424808046858622
1426705391903947
1429326310775024
1435405686437314
1440063756713441
1448696292042915
1465309727421021
1467664612924239
1476916621672594
1484702906945243
1490220147133263
1497269209026542
1507369025671110
1508015681115848
1511532484752161
1512717941866097
1512846862093142
1521815731111261
1531713258988427
1531971102610447
1538338871689655
1542351302502326
1544604888519188
1559292514654215
1565296529736448
1566076687226024
1596629769697284
1608062196337851
1608909918273779
1609339438630667
1621729459222873
1635497235155150
1640275970796898
1641673656667170
1646629818203057
1647118503085126
1660070580824436
1668342679815086
1670816922219129
1679486689581930
1688136556728644
1689147340536405
1732432475089669
1734032782594771
1740519812135230
1744732999336375
1745038503462998
1750385790843118
1751666562438251
1756952696097255
1765721612533942
1779018936618060
1780902767520967
1781254939281428
1789677069372972
1790423250842160
1805233602070841
1812805997541734
1819885343207968
1825502153580661
1827829018668226
1830250331989097
1834856723867705
1838086786793758
1841338064901299
1841965052260924
1842905075999080
1844463012703650
1861719424612392
1868960602254610
1870389730408675
1879817973802031
1882712230914196
1897790038591384
1916656954069397
1916886621452638
1920411639358905
1927611801056285
1939983618921649
1944386300029937
1946315322575953
1952072482347004
1952937182023132
1967806680644977
1972531466861737
1972734433460838
1980219310993467
1982919735990024
2002515486942024
2003154270448435
2007065934836962
2017770059745262
2026295360734357
2046970162506930
2046981671187343
2050632960242405
2054259785006041
2080791630485427
2097340857065853
2098623262892719
2118391660819227
2126584242026703
2130649789772469
2139053814879312
2139814271237417
2147157840592913
2153014839354888
2153962690732683
2162574207370950
2177467029991118
2183709942839032
2186205043909317
2202679279260042
2204086299921323
2204147669620762
2205696000045218
2210356035827181
2212288622038633
2225528533942372
2234040548103596
2240951178648368
2248193157231211
2248591013863307
2259041691301555
2263553634422386
2288623413125339
2294602229519458
2302314954133011
2308920362072312
2316791891990243
2327252294819099
2332604239081900
2342739419247924
2363575151206774
2380856454536056
2381782879955327
2390690281230643
2408991231058279
2410539914660866
2423076793452662
2436767709775022
2443304092293827
2446301582459104
2448703093928632
2459050725301964
2469816352786812
2484471713795378
2486788708871114
2491891766759477
2495918356675019
2497294331547686
2502796658601825
2507333666306110
2507980325174728
2509301929350826
2509766431540422
2512064355660153
2522777418118689
2523534885788994
2523715806470871
2537709612833688
2543299534493653
2546837031616846
2551085349539643
2559831423675255
2562652838103607
2563070123322776
2582456631204400
2590427557264952
2590620617848677
2591569074965536
2604911000898464
2607811863279622
2609000874577720
2634254790193199
2634324830901340
2653697909924911
2668568143800755
2680368743615023
2684900317624442
2692541273950450
2705188802670538
2708367680798139
2712574018120569
2718664296804955
2721053239592051
2729979018100977
2734447981764714
2749773427704993
2751239628595747
2752203627912781
2752210156480636
2784404872572914
2787038908575326
2787827495769375
2788549078021456
2794026545404598
2796368701159521
2807107019851322
2808213902627406
2815946827655352
2820064519671465
2821982735490884
2822582595834942
2828124381670231
2836330743442081
2844330252316513
2844974351441051
2845950448235863
2846614269371078
2847901878340953
2854771102810220
2855716620920623
2860342167270413
2869976839293137
2872064505456567
2877999888491315
2886097885953510
2887736963561252
2888641121265608
2900718595063564
2900995280822495
2910183324330182
2919125967043242
2920005922426876
2931270888717344
2934786440085983
2939395207680085
2945278651389111
2951269593210008
2966913210268454
2968055170351130
2968564981079442
2971250918247087
2984888073123287
2985003469291138
2985658685449858
2991281565518934
2995510206880397
3000239587440812
3010497094377497
3017337174053381
3030047284254233
3032638002357978
3034950214458518
3040587602966600
3041686206689904
3054875168089226
3054990742969890
3055397351838262
3055397351838262
3059324458238110
3059520185406581
3059640410928425
3062023252191532
3083628377406351
3084134533707587
3090969413342098
3091123485499725
3133881226791259
3138211440230015
3145198954829457
3154345471250570
3158303689784382
3163271519013006
3165736954373606
3174379270045864
3181695167717042
3185627819021012
3194328548975437
3197500103141618
3203407648310274
3222713249758458
3228159608138969
3253111428517672
3273726134990776
3277487290886063
3283691152621834
3286329883412205
3300753172279436
3309342336039521
3321577431881283
3333575573027236
3334643879272311
3341441596395463
3355338790654065
3363615000303340
3373541964910904
3386409577930822
3387018530825694
3392035824905803
3395887313881726
3398239861605168
3399737720136949
3405503472010994
3431795837830476
3436095483096185
3446817929796674
3447520409510736
3448504908484605
3451628262694747
3452982259415951
3457219624656691
3460761031788198
3464270581374578
3464961298273086
3493899263715892
3499616508280892
3500660445763630
3503233632044163
3518240071127311
3521622923263530
3524590211304012
3527197809276361
3528633359332021
3530189028502875
3534918669459073
3537707069694606
3549648389944031
3551809247862378
3553487130003978
3559042497669898
3560505262283874
3563923906851611
3564195176994261
3572375884177951
3572434390881704
3575273076267374
3575559872183767
3589012014320121
3593420323268103
3602228236232788
3614186131432854
3614256141054800
3620084512865554
3621433615334969
3640497501056163
3656225530688946
3671776516613425
3675858428545219
3682660634268734
3691742159298316
3697205933296303
3699761587483592
3720386139686468
3722586963728305
3724857575582110
3724857575582110
3728312501032061
3742302894743620
3748260693106586
3752298390911021
3756351374552378
3762670242328435
3762855185207010
3763390337091127
3776300004312848
3776948564582273
3785426518998830
3790201696145434
3793156690673506
3794241680729178
3795296650514352
3827553458913465
3841441176161322
3847692220708299
3865660008588988
3867718775277531
3867942762661182
3875301617975895
3887722014128939
3890637218937581
3895469714548887
3899898023629349
3909162572623711
3909181838888305
3910450557582884
3914159735707328
3937502490683382
3957046121364560
3958238119785924
3977760354511853
3978299887398475
3979454625416654
4005898623592261
4008970012663480
4010781324120944
4022950700003347
4025767578391844
4031565135568125
4036932351063584
4038730280834132
4061946080136286
4075688424083407
4090131106212286
4093653182381054
4093722871814514
4099700446922080
4105778952659349
4108398403192996
4109110009789771
4117373032501782
4120230814124499
4126333722808926
4143125414022416
4155051332618408
4163876539828813
4164818158160492
4166922845507601
4170450843013846
4176915322233893
4180557886735944
4186515742605446
4192845106907956
4218593188956443
4220236737158909
4221336619791961
4222504207805706
4223020694433271
4230260717556147
4234623363518888
4235825596747458
4236547705343649
4251936710939364
4254001833729264
4276956706559542
4282224955491397
4288513896951089
4315350764773182
4328003866597876
4332944687727598
4347965302097614
4353928200012173
4364303980383808
4366799353224249
4384914116033913
4386203755404108
4393367734853964
4394162331037750
4414718560764818
4416858554787169
4418446095942420
4431183539132719
4436183480921146
4438697154081039
4438914190540949
4440731926425760
4444648935511635
4451540730749377
4456007001373501
4462292447937016
4465619366143200
4480334653242457
4481587640098813
4495269939725770
4499928813481251
4507073071352893
4512658167877638
4519016123693631
4519764091092504
4520293519781462
4524723055652545
4534936707754253
4545154317245176
4575931307749163
4579233785116823
4579376264162079
4582408199121884
4584747419373688
4584896935221260
4585719152284650
4589262718627942
4590897656445233
4596111202208863
4599170539959463
4601263005352005
4602221579308599
4603597208153007
4608001746330875
4610098557429398
4612726434879544
4616202382103338
4616848792501359
4627360041573918
4635320220484649
4637772374064396
4640320476003795
4641684220602580
4643608666899616
4644812253875832
4646114975554537
4654226726267340
4658545839496086
4694142315497364
4695002674556067
4711374324516507
4720333397291573
4724141474353962
4727357182510680
4729615604294036
4737852130924504
4738829911864396
4742268936279649
4744754780165354
4746488333257798
4748551071146032
4783565791787812
4791589931798048
4793072701914550
4818062789310854
4842733764531027
4849566723209094
4851786390961391
4863727818159643
4864054308358026
4877014713114260
4877049377460293
4879977915136752
4887951408965561
4903908392101557
4904489502853690
4915659948263445
4922142296922435
4930762936357558
4933326132948063
4936370324386031
4942609302112746
4951846457502161
4956083758788367
4962820320879891
4967240163248619
4973731190814126
4973949421738244
4979536048261282
4980212853385448
4984043849101331
4985266524417261
4986021622366786
4986772455989962
4992303457891284
4993914550234923
5008996792274217
5009392667450875
5011119718693303
5011370918857999
5029700010533047
5035762125459415
5041497500746910
5048342535708224
5061312286412870
5067382475630761
5068302552861597
5075736089100544
5075974938483862
5082419783043736
5084369711458416
5088238300241110
5098313138514050
5106492431042243
5111623148244343
5111916887378777
5117568495536090
5118629875846648
5121623021406209
5123602572479168
5134289687536724
5136155977351408
5138799833042314
5141929962403500
5147756865751360
5171924915397166
5174723144800716
5175924818753829
5183105830068378
5184930755123241
5184930755123241
5189181174191518
5190097087605638
5194381227316437
5197283887495170
5199789743673693
5202429302236084
5203792575176289
5205741481605855
5219735119295290
5220540043911446
5225588855422632
5231820584923884
5234033191054309
5241746963403143
5251389003736909
5269625574293250
5279288859073700
5285476213900200
5287396483946563
5297252436860003
5300435085221378
5317944746623265
5320809446238024
5322246152490489
5337565921995591
5342832426660173
5368167403557640
5368680512020633
5369672706522008
5370222318394867
5376253015721742
5377746284077362
5378961528259963
5389472650673412
5390541720896559
5391801774050611
5401660213198750
5416099300504556
5419646313109789
5433967267727516
5434724108176150
5445779362836414
5446996798632062
5460117776241230
5461069167314414
5464351563900900
5470469752550438
5480560533258943
5486578243421803
5487485901076598
5494044239483364
5519687175393434
5521922960404236
5523293886612004
5539725123736590
5545891505433768
5546692436888264
5548205054206839
5554254760869075
5558354805733623
5568681374094860
5569130658313238
5575237386798588
5601388085745497
5601943285331545
5604719921386043
5620359266790501
5627556088346425
5632722847264046
5641112041037627
5644676140910061
5659788852261811
5660469902738038
5693860025538327
5723385125570881
5724567591998546
5725021666916341
5726947194230379
5727472788265998
5741410875148861
5741927083446578
5746822816259454
5748979136074637
5760364940162939
5771638576099195
5777010848661813
5777705137810019
5782887287137603
5784860269030800
5792248901353552
5801731850423324
5801991579688569
5810209465098759
5815607228657970
5821173105448845
5823833138653545
5834088144837137
5842794652841557
5845245549777383
5850453918340560
5851601274050374
5862330768739698
5872119613051645
5877415967509579
5881553604748585
5885575084085406
5888897744222998
5898801580033554
5899392002875573
5901564732655853
5908699791494075
5914651754517864
5919189481858271
5920220519650965
5936682335701497
5939944067207881
5941686828835081
5943634209341438
5948037269019531
5948590274082247
5953076413314506
5957855817378897
5961983097177442
5971556358191272
5973550650941724
5979862734558983
5996993884846655
5998785809434157
6011676599306434
6011994921961152
6019111128413167
6022637170344999
6027713750942689
6032273849847285
6034405930958244
6034522313829097
6036361945926990
6039007393332552
6045470959652684
6049960144667044
6075905438020841
6078945717558464
6082948468501249
6084795630657031
6094793991932450
6115049894755620
6115379961132154
6121691609406016
6135151156109356
6140115232418895
6140266116057805
6144428536509111
6148546666142551
6151383171162544
6152592335669549
6173255299874918
6185519785664724
6187221670775160
6195215666638965
6200743168568684
6208419870320644
6218967777630412
6228227125338610
6234141909588262
6246567808516505
6253898580239376
6256415635292987
6261175351521953
6262051397848744
6265936760089757
6271096128174325
6272042260483411
6281644588548940
6289602045034353
6291354144339437
6296363436468330
6304377549101792
6311632162541654
6320646681995247
6321179168854922
6321676636193625
6331835838649652
6334847644105045
6342311646947853
6344175997146758
6347649521254709
6347743344931103
6352083877939941
6352224173110416
6355224981962273
6368942682378417
6374279398246756
6377657274398145
6378801493656275
6381755382123529
6383271274098914
6386911614990832
6390018491925933
6405951782839858
6406237838495230
6408321790990372
6409098857440437
6412853511887386
6414560125584607
6414738466336890
6428800770934048
6438645213502821
6444798527221795
6446831084215512
6454154048263145
6456667887502521
6480934070733527
6481363465527189
6490014244112888
6494676052801758
6499108085922209
6501574961643171
6504071786655688
6505039023842313
6506973801068764
6532338737692493
6533801740375459
6534637358360971
6544098578171957
6545213253559397
6553721651836761
6560346309368052
6574521460964227
6577023148879863
6604537320552763
6608329267627163
6608582057810385
6609568015287399
6610926478721564
6613487636748832
6614550860293610
6633009717485302
6637449134450426
6644335213791002
6653416458352062
6655678628223949
6660127471891321
6667274456249301
6668794573213317
6682919653508224
6692968437800167
6694205854000137
6695382764766281
6699185881827288
6703453792017497
6710144245596859
6732940162423405
6736358221140969
6737493567462425
6747136646016870
6750115087374323
6754464380129137
6758424820066305
6766389440522985
6776569904919279
6799776599317117
6802508689972103
6802721797900299
6806241288652019
6809743774407662
6812158444067536
6820830740393500
6824400602221355
6834497622047154
6834721627529385
6840478133476887
6841185662777161
6847110694951429
6848996939728495
6852348890045723
6864705242341219
6871006250321522
6874649375434646
6875886650307656
6876234739101371
6878718102770367
6883746812553781
6903922865972561
6904676677900593
6918010504362643
6932497213743411
6939518478862624
6947551604323520
6965119196945931
6966901006537721
6970175851174735
7014991384513854
7026313596468626
7029133375366014
7038932501308861
7042008440404612
7059889907219020
7065615446493390
7076371974874150
7078327363232474
7078737101024368
7080590204832262
7082447037374118
7085832229021609
7099151449971406
7101881357139219
7109472962613397
7109611749276343
7111526592323456
7115792628126490
7119433066704111
7119477874134821
7124527215517591
7133274936570173
7137178343756327
7151669913805328
7154508093406987
7167409133883697
7179691582151907
7186044389471530
7188784344595649
7189857417959804
7195702087655314
7197564797868150
7205705989244804
7206645857721831
7207626266770213
7214791464543522
7224632538552385
7227955029154651
7239490390098173
7241769467508026
7266011798625538
7273159315758953
7278634019537967
7279612728721005
7280159257989330
7281746801238526
7291640788372419
7292694995543789
7310046838140771
7312882427932239
7315592683569670
7319201804384288
7320090199496500
7362842286883368
7370796774582075
7396818382676736
7407058401863661
7437115504621985
7438076121387151
7454736736043931
7454923215447636
7456862604217321
7458287841862567
7458912640231220
7465148175791735
7471111924336519
7489482613903725
7491976072797902
7494142007764616
7500979195469357
7510695960610447
7514074129301673
7514884760338859
7532050172035129
7533729699758819
7536988783793885
7541399131195077
7541486051032916
7542338901767495
7549503749842625
7573837292080522
7583826391876379
7587316047810193
7601016626256808
7614206164174151
7626416403074455
7628786577802962
7644756660823271
7650712967257738
7677749608276466
7690113652451604
7690593698223418
7707799028683443
7708021019524305
7716805104151473
7750373154186324
7752481318432762
7758924784164781
7776890123414656
7802814360038820
7813535932920546
7817033448036400
7828441075514905
7844006017790571
7851650523179414
7853125713114677
7856968264410259
7862253799240671
7879026373930318
7879595143050087
7884364909927473
7900515247220949
7902070751612416
7909976127880843
7913302545613108
7924553462118511
7939385198461157
7947423722511295
7951999302081531
7955837132687218
7957606883987162
7958359176708584
7970272483775839
7982148962089986
7984455205688904
7990179540941241
7992586996463223
8013693656320228
8018788492846096
8020803376969953
8024796498483512
8027605553403181
8031012573259361
8032993126633250
8035602440803719
8041675571955870
8055796489225138
8066370508832550
8077591135604655
8086324432194233
8094245998438335
8098209307634371
8119785638200345
8130292521370915
8130520066599912
8132074356628564
8133660776746187
8143823413993024
8158963767870649
8164403687403639
8167265341219263
8172124241767828
8173372566989305
8181104476035846
8181318469884254
8207954538307988
8217702624720312
8227588963910433
8231236078666150
8249534204731109
8250832800932125
8251676116103188
8251926321102019
8252864210379656
8265854560095874
8269779905235226
8275326076771841
8288593763692015
8308517667746974
8321013081371965
8337454058604654
8353864553155793
8358219976594707
8363796105361376
8377190526783442
8377890158420707
8382158780043575
8382221522817502
8385259130729532
8385283959153698
8386258458220683
8407354545744277
8408262156304669
8416423647851683
8420469200556018
8420771612707965
8431323844701530
8436515676441851
8443563462309878
8444332296327124
8456023041589649
8460861175344306
8466420403941522
8483702301819897
8496058927371924
8501956419094089
8513145553846486
8517698122676145
8522089151904453
8525132522308309
8526960535874806
8529032048850930
8529510757160217
8538761803577291
8544491643812450
8545196200418432
8548608291351316
8560050240967369
8564827764187148
8571722708574643
8573711116569707
8577312109146354
8588117212005149
8594325955153756
8598262641668520
8598484164048317
8599181647215929
8607171759049558
8611020242763828
8613783361401412
8626964624628522
8633160104487034
8647239680081745
8649574601745121
8661248119285296
8664169441117482
8674107427300722
8683914780987242
8684549377565696
8685431534934812
8687196768910831
8691314378381640
8705873746227963
8713285339065842
8715023255304328
8716094042714766
8717980588591239
8721187139726277
8734341450513549
8758395845049687
8760117075106351
8763487086911020
8771587306163921
8777859677671430
8788356220698686
8795608080185531
8795680989708219
8800859024101679
8807333466702951
8808884844055224
8826584877205264
8836256533308837
8839646082565060
8861113953470000
8867164774240536
8872833064252062
8884890472193474
8886634592087842
8895634496108399
8903183021436431
8906707362461289
8908026219336623
8922901056006734
8946715881289701
8948846267711214
8951163088992771
8964123297688432
8968483294142013
8971986984647323
8979575031016933
8983932189780220
8992362063539452
8994105119758487
8994178236264483
9000707436266859
9014616733186520
9016360553400035
9020007815886406
9032198192954149
9034619048623647
9037224811267705
9039182932747194
9045199822095908
9046854525436944
9059741175310073
9060002746939878
9063837162469343
9064196799520278
9075418972296296
9089204821424223
9090396559596221
9092587237114334
9093331241572944
9112415346373126
9129748440846907
9140990601961322
9141140064456296
9143186843657940
9160943574918408
9163015765116867
9171815778534257
9173006904247471
9174573815394512
9175591364526313
9177823996895375
9183721973235194
9199970180870105
9217378047217370
9222024053983021
9237788190989316
9242867616608986
9249940379843542
9262132256691648
9263224550858823
9264617752964635
9271885452744905
9271998544076317
9274817658247444
9274887847308980
9282046098909851
9283304583756076
9284531339856547
9289080285504453
9300936571715992
9305196015266298
9314029648579658
9314744999783676
9337143918677200
9340343036686762
9342041276186254
9343723106084822
9347760158370905
9350793734509585
9358511568098561
9378258073324535
9383290036853173
9389487015938509
9395715443254344
9398810362952245
9402272133670888
9405844293925084
9411400439288461
9413102524215939
9414212573217453
9417286617377998
9426650405097319
9429302861177476
9431229866203038
9433123288261141
9439858291700830
9451161055016934
9458496222461501
9462873740250320
9474423287192932
9499398320838094
9511234560141062
9516359108766806
9520477461031645
9521646119786469
9546302784474665
9549706714935542
9553770402705512
9554285834432091
9558310314854271
9561812825173697
9562890319093965
9569228376205541
9575037824966283
9576713124661835
9578832375902806
9582755594379866
9591256136167135
9600140904712115
9604696592563769
9604735363839730
9612704468357790
9613846902868406
9615041048900531
9622051867672434
9627675808739540
9628405562792982
9633241446303620
9637121030877187
9638500605562489
9667295076549924
9674541381385819
9716092379282146
9717309047258648
9719247117370600
9733090611396955
9737143632051924
9742028115892992
9745937989094036
9749585288939624
9756167788721062
9770406908381251
9781996852701770
9783292465422902
9783560852644016
9788199690491510
9790693300026949
9826026025118073
9826346918182685
9830590737740134
9830819801249558
9836776931160228
9838400375894439
9840346055970503
9852157976516603
9854634275938452
9864625936218072
9873333807426188
9876422309721833
9884980518986225
9888386354516064
9890260144844047
9902619084565293
9906166020816798
9912829629195282
9923270028346687
9929982894313130
9932708325371272
9935354654905236
9942240121225139
9943003955628885
9945289519054859
9973021912226739